1 0.12990089699074073 0.4921875 0.25980179398148145 0.353515625
1 0.6653284143518519 0.09765625 0.26287615740740744 0.189453125
1 0.822337962962963 0.15625 0.22041377314814836 0.255859375
1 0.8728298611111112 0.3486328125 0.21021412037037024 0.244140625
1 0.8513093171296297 0.5869140625 0.263671875 0.263671875
1 0.7118055555555556 0.767578125 0.27068865740740744 0.34765625
1 0.5033637152777778 0.779296875 0.37377025462962954 0.44140625
1 0.28197337962962965 0.666015625 0.3206741898148149 0.37890625
1 0.2509403935185185 0.1064453125 0.24030671296296302 0.212890625
1 0.24562355324074076 0.302734375 0.27763310185185186 0.32421875
1 0.42484085648148145 0.447265625 0.2515190972222222 0.3046875
1 0.4447699652777778 0.1728515625 0.28291377314814814 0.255859375
1 0.6055772569444444 0.234375 0.3421585648148149 0.326171875
1 0.6097005208333333 0.4921875 0.30779803240740744 0.400390625