1 0.8505859375 0.54296875 0.2216796875 0.3037109375
1 0.3994140625 0.1103515625 0.220703125 0.220703125
1 0.25 0.1826171875 0.1748046875 0.2177734375
1 0.18359375 0.3525390625 0.1650390625 0.20703125
1 0.16796875 0.5712890625 0.232421875 0.220703125
1 0.28125 0.744140625 0.2099609375 0.2998046875
1 0.46875 0.7783203125 0.291015625 0.390625
1 0.6826171875 0.6865234375 0.251953125 0.3232421875
1 0.775390625 0.16796875 0.1943359375 0.212890625
1 0.755859375 0.361328125 0.2177734375 0.275390625
1 0.578125 0.4765625 0.1962890625 0.259765625
1 0.5908203125 0.228515625 0.23046875 0.2138671875
1 0.4375 0.2705078125 0.27734375 0.2724609375
1 0.4052734375 0.50390625 0.23828125 0.345703125