1 0.8372974537037037 0.5799117476851852 0.2727575231481483 0.3535734953703704
1 0.3135054976851852 0.1345558449074074 0.26154513888888886 0.2557725694444445
1 0.15494791666666666 0.22207031249999998 0.21076388888888892 0.25502025462962963
1 0.0964916087962963 0.41064091435185185 0.1929832175925926 0.2431568287037037
1 0.11235532407407407 0.6511501736111112 0.22471064814814815 0.2612268518518519
1 0.22305410879629628 0.8308883101851852 0.25698784722222223 0.3382233796296297
1 0.4273871527777778 0.8164351851851852 0.34924768518518523 0.3671296296296296
1 0.6599609375 0.7482204861111111 0.3063078703703703 0.3775028935185185
1 0.7310112847222222 0.17199797453703705 0.23414351851851856 0.25146122685185185
1 0.7219690393518519 0.3867549189814815 0.26451099537037037 0.3241608796296296
1 0.5333767361111111 0.5236400462962962 0.2407841435185185 0.30428240740740753
1 0.5315538194444445 0.2510923032407407 0.27326388888888875 0.2559461805555556
1 0.3656467013888889 0.3072410300925926 0.32896412037037037 0.3251157407407408
1 0.34424913194444445 0.5647931134259259 0.2929832175925926 0.40073784722222205